,0.201065
,0.100176
,0.0509235
,0.034151
,0.0256334
,0.0204933
,0.0170596
,0.0146057
,0.0127658
,0.0113357
,0.0101924



,0.394664
,0.389845
,0.367325
,0.364244
,0.363393
,0.363081
,0.362946
,0.362881
,0.362847
,0.362828
,0.362817
1
,0.485654
,0.475283
,0.461121
,0.460251
,0.460111
,0.460084
,0.460079
,0.460078
,0.460078
,0.460078
,0.460078
2
,0.56815
,0.55116
,0.543281
,0.543048
,0.543025
,0.543022
,0.543022
,0.543022
,0.543022
,0.543022
,0.543022
3
43194
Confusion Matrix:
Labels/Predict
 	0	1	2	3	
0	0	0	0	0	
1	0	2254	641	729	
2	0	193	2778	1263	
3	0	737	1359	5811	
Train Accuracy:0.684988
Test Accuracy:0.687789
Total execution time:240.027
