,1.01832
,0.321981
,0.228959
,0.192206
,0.171933
,0.158808
,0.149469
,0.142401
,0.136812
,0.132248
,0.128427
0
,0.603827
,0.344132
,0.294193
,0.269589
,0.254452
,0.24406
,0.236417
,0.230529
,0.225842
,0.222021
,0.218849
1
,0.851609
,0.116545
,0.0643585
,0.0480581
,0.0403069
,0.0358455
,0.0329769
,0.0309929
,0.0295475
,0.0284524
,0.0275967
2
,0.734193
,0.116942
,0.0650324
,0.0483355
,0.0400908
,0.0350534
,0.0315627
,0.0289422
,0.0268682
,0.0251662
,0.0237334
3
,0.653211
,0.272124
,0.233022
,0.217114
,0.208019
,0.202029
,0.19776
,0.194564
,0.19209
,0.190126
,0.188538
4
,0.732559
,0.184576
,0.138685
,0.119033
,0.106344
,0.0971074
,0.0900194
,0.0843935
,0.0798128
,0.076006
,0.0727886
5
,0.874247
,0.127781
,0.0762841
,0.0592753
,0.0501496
,0.0441323
,0.0397404
,0.0363477
,0.0336294
,0.0313927
,0.0295131
6
,0.763535
,0.306359
,0.25258
,0.229475
,0.216502
,0.208238
,0.202547
,0.198413
,0.19529
,0.192861
,0.190927
7
235
Confusion Matrix:
Labels/Predict
 	0	1	2	3	4	5	6	7	
0	32	0	0	0	0	0	0	0	
1	2	11	0	0	0	0	0	0	
2	0	0	0	0	0	0	0	1	
3	0	0	0	0	0	0	0	0	
4	0	2	0	0	2	0	0	0	
5	0	0	0	0	0	5	0	1	
6	0	0	0	0	0	0	1	0	
7	1	1	0	0	0	0	0	9	
Train Accuracy:0.876866
Test Accuracy:0.882353
Total execution time:0.631227
