0:0.784246
0.556716
0.443689
0.367582
0.313868
0.274296
0.244044
0.220194
0.200911
0.18499
0.171614

0.689623
0.638329
0.636423
0.635155
0.634008
0.632939
0.631925
0.630948
0.629999
0.629071
0.628158

0.587374
0.463803
0.418439
0.385708
0.360815
0.341219
0.325341
0.312166
0.301014
0.291416
0.283041

Confusion Matrix:
Labels/Predict
 	0	1	2	
0	10	0	0	
1	0	8	1	
2	0	0	11	
Train Accuracy:0.891667
Test Accuracy:0.966667
Total execution time:0.096064

with 1 thread

real    0m0.101s
user    0m0.101s
sys     0m0.000s


